18
0 1
0 3
0 5
0 7
0 8
0 14
0 15
1 2
1 3
1 4
1 7
1 8
1 9
1 10
1 11
1 13
1 15
2 3
2 5
2 6
2 9
2 11
2 12
2 15
2 16
3 6
3 9
3 13
3 15
3 16
3 17
4 5
4 8
4 9
4 11
4 13
4 15
4 16
4 17
5 6
5 10
5 13
5 15
5 16
6 7
6 10
6 11
6 12
6 13
6 14
6 16
6 17
7 9
7 10
7 12
7 14
7 16
7 17
8 10
8 11
8 13
8 15
8 16
8 17
9 10
9 11
9 12
9 15
9 17
10 14
10 15
10 16
11 12
11 13
11 16
12 13
12 15
13 14
13 15
13 16
14 16
14 17
15 17
16 17
0 0