20
1 2
1 3
1 5
1 6
1 8
1 9
1 11
1 15
1 16
1 17
1 20
2 3
2 7
2 8
2 10
2 11
2 12
2 14
2 15
2 17
2 19
2 20
3 4
3 6
3 9
3 12
3 13
3 15
3 16
3 18
3 19
4 5
4 9
4 13
4 16
4 18
4 19
5 6
5 7
5 8
5 11
5 12
5 13
5 14
5 15
5 17
5 19
6 7
6 10
6 11
6 15
6 18
6 20
7 9
7 11
7 13
7 14
7 15
7 17
7 19
7 20
8 11
8 13
8 14
8 16
8 18
8 19
9 11
9 13
9 16
9 17
9 19
9 20
10 11
10 15
10 17
10 18
10 20
11 14
11 15
11 16
11 18
11 20
12 20
13 14
13 15
13 19
14 17
14 19
14 20
15 16
15 17
16 17
16 20
17 18
17 20
19 20
0 0